# p01image1.txt -- Sample Image #1

2 1 0 0 0 0 0 0 0 0 0 0 0 1 0 
1 2 1 0 0 0 0 0 0 0 0 0 1 0 0 
0 1 6 1 0 0 0 0 0 0 0 1 0 0 0 
0 0 1 7 1 0 0 0 0 0 1 0 0 0 0 
0 0 0 1 7 1 0 0 0 1 0 0 0 0 0 
0 0 0 0 1 6 1 0 1 0 0 0 0 0 0 
0 0 0 0 0 1 5 1 0 0 0 0 0 0 0 
0 0 0 0 0 0 1 5 1 0 0 0 0 0 0 
0 0 0 0 0 1 0 1 7 1 0 0 0 0 0 
0 0 0 0 1 0 0 0 1 7 1 0 0 0 0 
0 0 0 1 0 0 0 0 0 1 9 1 0 0 0 
0 0 1 0 0 0 0 0 0 0 1 7 1 0 0 
0 1 0 0 0 0 0 0 0 0 0 1 6 1 0 
1 0 0 0 0 0 0 0 0 0 0 0 1 2 1 
0 0 0 0 0 0 0 0 0 0 0 0 0 1 4 


